10-34,工具软件,4055
10-36,网络类型,4068,4138
10-3,数据、信息、知识定义,4002,4023,4053,4057,4067,4074,4076,4077,4079,4089,4145,4173,4193,4194,4203,4233,4257,4273,4290
10-39,PYTHON常用标准库,4098,4106
10-38,可以复用的代码,4094,4211,4306,4322,4341,4346
10-35,算法的三种基本结构,4061,4097,4099
10-43,分支结构和关系表达式,4151,4179,4181,4209,4212,4239,4337,4342
10-23,周而复始的循环,4030,4059,4101,4149,4276,4278,4300,4301,4305,4307,4310,4315,4316,4317,4320,4321,4325,4326,4327,4330,4331,4332,4335,4336,4340,4345
10-24,赋值语句,4031,4148,4241
10-47,输入和输出语句,4240,4279
10-25,Python字符串切片（截取字符串）,4032
10-45,压缩,4164,4195
10-8,程序设计语言,4007,4080,4208,4292
10-9,变量命名规则,4008,4062,4095,4100,4275
10-10,基本运算符,4009,4011,4060,4096,4182,4210,4277,4312
10-44,数据类型,4152,4180
10-11,流程图,4010,4178,4242,4302
10-4,数制转换,4003,4043,4070,4073,4090,4122,4144,4234,4271
10-6,数据库及数据库管理系统,4005,4216
10-37,模拟信号与数字信号,4069
10-17,声音、图像、视频的数字化,4022,4174,4204,4270
10-18,文本数据的编码,4025,4044,4054,4127,4223,4311
10-22,加密与解密,4029,4040,4050,4110,4117,4125,4134,4220,4230,4237,4255,4268,4274,4286,4298
10-42,分治策略,4150
10-21,算法及其特征,4028,4058,4238
10-33,常见的人工智能技术,4136,4162,4172,4192,4202,4304
10-30,揭秘智能算法,4042,4103,4119,4222,4232,4269,4299
10-2,人工智能,4001,4021,4075,4088,4091,4126,4252,4289
10-19,数据可视化表达,4026,4034,4081,4093,4147,4176,4206,4236,4254,4262
10-40,大数据,4111,4120,4143,4163,4253,4261
10-15,信息系统的功能,4017,4037,4064,4104,4130,4140,4156,4188,4218,4280
10-48,网络结构,4285,4308,4313
10-41,IP地址,4113,4347
10-28,网络协议,4038
10-27,软件类型,4036,4084,4246
10-26,带宽与网络传输速率,4035,4114,4157,4228,4266,4296
10-7,物联网的概念、二维码,4006,4066,4115,4142,4196,4205,4245,4264,4282,4284,4303
10-12,信息系统的构成,4014,4085,4105,4116,4155,4168,4185,4186,4198,4199,4215,4227,4247,4265,4295,4339,4343
10-13,物联网应用的相关技术,4015,4048,4128,4129,4131,4146,4169,4217,4229,4258,4259,4291,4323,4333
10-14,无线局域网的组建,4016,4065,4107,4158,4283,4309,4314,4319,4324,4328,4334,4338
10-20,信息系统的设计,4027,4109,4329,4349
10-50,用户与服务器之间的通信,4318,4344
10-31,信息安全和系统安全,4045,4056,4121,4123,4165,4177,4189,4201,4207,4224,4260,4267
10-29,网上个人信息安全操作规范,4041,4071,4078,4118,4132,4133,4221
10-16,计算机病毒,4019,4072,4139,4160,4219,4225,4231,4248,4250
10-51,防火墙技术,4018,4141,4161,4190,4288,4348
10-46,信息社会的法律与法规,4191,4200,4249,4297
10-32,信息技术引发社会问题,4047,4083,4159,4293
10-1,信息社会的伦理与道德,4000,4020,4039,4087,4112,4170,4251
10-5,信息社会的新特征,4004,4012,4013,4024,4033,4046,4063,4092,4102,4124,4135,4153,4154,4166,4175,4183,4184,4197,4213,4214,4226,4235,4243,4244,4256,4263,4272,4281,4294
10-49,cookie(网络缓存),4287
10-0,常识,4049,4051,4052,4082,4086,4108,4137,4167,4171,4187