11-1,技术及其性质,5045,5054,5086,5118,5162,5195,277,436,67,831,339,397
11-2,技术与科学的关系,5038,5050,850,292
11-3,技术的价值,5020,5055,5087,5161,5190,1010,484,490
11-4,知识产权,5021,5023,5041,5115,5081,772,43,171
11-5,技术与设计的关系,5120,476,631
11-6,设计的原则,5004,5025,5034,5056,5121,5163,5191,5197,321,405,419,605,796,1013,492,533,533,458
11-7,设计的一般过程,5000,5005,5017,5022,5057,5091,5164,5222,924,329,200,611,758,1030,158
11-8,设计的一般过程之①发现与明确问题：,5029,5059,5092,5122,5165,5192,52,414,894,266,257,1026,1172
11-9,设计的一般过程之②方案构思及方法（一）-人机关系,5006,5026,5060,5088,5113,5114,5126,5168,5203,497,1032,537,499,248,381,358,586,987,941,940,495,274
11-10,设计的一般过程之②方案构思及方法（二）-创新思维和设计,5015,5033,5044,5058,5085,5089,5094,5124,5131,5166,5199,797,638,136
11-11,设计的一般过程之②方案构思及方法（三）-方案构思过程,5047,5051,5082,5096,5119,5125,5198,5200,192,549,276,624,345
11-12,设计的一般过程之③设计图样的绘制（一）--草图、透视图,5019,5024,5090,5093,5167,469,354
11-13,设计的一般过程之③设计图样的绘制（二）--尺寸标注,5012,5078,5154,5172,5202,775,769,327,590,303,653,342,340,821
11-14,设计的一般过程之③设计图样的绘制（三）--三视图,5027,5052,5065,5097,656,603,805,221,635,442
11-15,设计的一般过程之③设计图样的绘制（四）--其他技术样图,5035,5201,999,357
11-16,设计的一般过程之④模型或原型的制作（一）模型或原型,5039,5046,293
11-17,设计的一般过程之④模型或原型的制作（二）材料及规划,5007,5061,5068,5127,5132,5177,5178,641,216,828,814,621,682
11-18,设计的一般过程之④模型或原型的制作（二）工艺,5013,5028,5062,5064,5083,5099,5101,5116,5138,5139,5205,892,791,134,883,207,557,485,793,703,991,655,237,16,189,13,819,205,724,974,194,154,770,641
11-19,设计的一般过程之④模型或原型的制作（三）连接方式,5001,5016,5098,5144,5169,5171,5204,5225,318,175,933,748,824,304,84
11-20,设计的一般过程之④模型或原型的制作（四）攻丝套丝工具的使用,5170,181,594,294,283,807
11-21,设计的一般过程之④模型或原型的制作（五）数字化,5063,5128,5157,281,199,668
11-22,设计的一般过程之⑤技术交流与评价（一）技术试验,5066,5100,5130,5141,5173,5174,5206,5207,627,355,14,995,613,742,280,488,147,1029
11-23,设计的一般过程之⑤技术交流与评价（二）设计的评价,5002,5030,5049,5129,5142,5175,5196,5208,5210,78,686,519,577,925
11-24,设计的一般过程之⑤技术交流与评价（三）产品的使用和维护--说明书,5123,5140,5176,5209,873,246,950,203
11-25,结构与设计--结构及其类型,5067,5117,5158,749,456,679,579,446,26,37,346
11-26,结构与设计--结构的受力分析,5042,5095,5102,5133,5145,5180,5211,198,927,272,249,394,59,583,501
11-27,结构与设计--结构的稳定性和强度,5069,5103,5110,5111,5134,5155,5179,5224,393,652,256,1002,546,480,197,482,128,564,520,450,260,849,978,810,437,455
11-28,结构与设计--结构的评价,5135,5143,5181,5212,130,471,740,101
11-29,流程与设计--流程,5037,5048,5070,5104,5136,5137,5147,5183,5193,5213,201,258,976,823,714,63,673,144,540,856,507,131,267,589
11-30,流程与设计--流程的优化,5031,5071,5084,5105,5146,5182,5214,300,188,574,238,461,789,789,224
11-31,系统与设计--系统及其分类,5073,141,261,284,204,614,53,816,781,951,310,431,922,418
11-32,系统与设计--系统的特性,5043,5072,5106,5148,5184,5215,330,85,491,119,572,273,371,417
11-33,系统与设计--系统分析与设计,5074,5149,5194,505,879,138
11-34,系统与设计--系统优化,5003,5009,5079,5107,5156,5188,5219,5221,5223,11,447,466,729,457,625
11-35,控制与设计--控制的含义,5010,5018,5032,5075,5151,5186,643,32,972
11-36,控制与设计--开环和闭环控制系统,5014,5040,5036,5153,5053,5076,5080,5108,5109,5112,5150,5152,5159,5185,5187,5216,5217,5226,390,169,3393,802,463,91,938,109,636,968,180,360,829,542,91,1028,661,494,506,382,581,926,901,500,846,61
11-37,控制与设计--控制的干扰因素,5008,5011,5077,5160,5189,5218,5220,977,324,179,569,73,945